#M = 2, N = 3	
rnd  time	exp	t
1	18.84	2	1158.95
1	18.81	2	320.51
1	19.01	2	575.64
1	18.80	2	4575.53
1	18.80	2	18.62
1	18.86	2	353.60
1	19.03	2	255.13
1	18.97	2	1094.64
1	18.77	2	1652.61
1	18.97	2	2580.38
1	18.98	2	1771.57
1	19.03	2	242.42
1	19.04	2	13.97
1	18.75	2	0.06
1	18.90	2	530.79
1	18.79	
1	19.03	
1	18.76	
1	18.92	
1	18.70	
1	18.85	
1	18.71	
1	19.62	
1	18.84	
1	18.79	
1	19.02	
1	18.85	
1	18.82	
1	18.68	
1	18.76	
1	18.98	
1	18.85	
1	18.66	
1	18.82	
1	18.85	
1	18.99	
1	19.01	
1	18.92	
1	19.04	
1	18.85	
1	18.74	
1	19.07	
1	18.71	
1	18.74	
1	18.95	
1	19.21	
1	18.74	
1	18.89	
1	18.65	
1	18.98	
